 -4.0840355e-005
 -1.1477981e-004
 -2.2639606e-004
 -3.3382530e-004
 -3.5137709e-004
 -1.5727283e-004
  3.7204300e-004
  1.3071127e-003
  2.6073988e-003
  4.0861813e-003
  5.4235476e-003
  6.2387824e-003
  6.2097565e-003
  5.2018995e-003
  3.3555243e-003
  1.0857215e-003
 -1.0223031e-003
 -2.3986677e-003
 -2.6919550e-003
 -1.9099457e-003
 -4.3336313e-004
  1.1160038e-003
  2.1105581e-003
  2.1650200e-003
  1.2933766e-003
 -9.7470736e-005
 -1.3823758e-003
 -1.9911284e-003
 -1.6625215e-003
 -5.6396035e-004
  7.8226446e-004
  1.7381769e-003
  1.8482809e-003
  1.0581299e-003
 -2.5318935e-004
 -1.4481999e-003
 -1.9359529e-003
 -1.4627286e-003
 -2.4575098e-004
  1.1216185e-003
  1.9546094e-003
  1.8171750e-003
  7.4962778e-004
 -7.3497866e-004
 -1.8934112e-003
 -2.1211652e-003
 -1.2661070e-003
  2.7522552e-004
  1.7374675e-003
  2.3631952e-003
  1.7927364e-003
  2.6759610e-004
 -1.4661794e-003
 -2.5195287e-003
 -2.3134322e-003
 -8.9396655e-004
  1.0605571e-003
  2.5598959e-003
  2.8004330e-003
  1.5926166e-003
 -5.0852842e-004
 -2.4534073e-003
 -3.2186466e-003
 -2.3420657e-003
 -1.9393764e-004
  2.1712755e-003
  3.5283531e-003
  3.1121518e-003
  1.0429622e-003
 -1.6872232e-003
 -3.6850070e-003
 -3.8623019e-003
 -2.0233275e-003
  9.8205585e-004
  3.6437233e-003
  4.5447510e-003
  3.1097443e-003
 -4.4162331e-005
 -3.3608931e-003
 -5.1064086e-003
 -4.2684284e-003
 -1.1315239e-003
  2.7935228e-003
  5.4883796e-003
  5.4566059e-003
  2.5430824e-003
 -1.8996504e-003
 -5.6265969e-003
 -6.6239857e-003
 -4.1843649e-003
  6.3435921e-004
  5.4475170e-003
  7.7095236e-003
  6.0441213e-003
  1.0519025e-003
 -4.8651611e-003
 -8.6395447e-003
 -8.1070763e-003
 -3.2171099e-003
  3.7778388e-003
  9.3298618e-003
  1.0364877e-002
  5.9456520e-003
 -2.0517041e-003
 -9.6839525e-003
 -1.2839560e-002
 -9.3968735e-003
 -5.3636996e-004
  9.5564145e-003
  1.5595189e-002
  1.3870105e-002
  4.3843004e-003
 -8.7151681e-003
 -1.8820374e-002
 -2.0030802e-002
 -1.0355589e-002
  6.6794533e-003
  2.3035240e-002
  2.9611736e-002
  2.0770262e-002
 -2.1279013e-003
 -2.9983290e-002
 -4.8724239e-002
 -4.4742079e-002
 -1.0874086e-002
  4.9617591e-002
  1.2294955e-001
  1.8894448e-001
  2.2795896e-001
  2.2795896e-001
  1.8894448e-001
  1.2294955e-001
  4.9617591e-002
 -1.0874086e-002
 -4.4742079e-002
 -4.8724239e-002
 -2.9983290e-002
 -2.1279013e-003
  2.0770262e-002
  2.9611736e-002
  2.3035240e-002
  6.6794533e-003
 -1.0355589e-002
 -2.0030802e-002
 -1.8820374e-002
 -8.7151681e-003
  4.3843004e-003
  1.3870105e-002
  1.5595189e-002
  9.5564145e-003
 -5.3636996e-004
 -9.3968735e-003
 -1.2839560e-002
 -9.6839525e-003
 -2.0517041e-003
  5.9456520e-003
  1.0364877e-002
  9.3298618e-003
  3.7778388e-003
 -3.2171099e-003
 -8.1070763e-003
 -8.6395447e-003
 -4.8651611e-003
  1.0519025e-003
  6.0441213e-003
  7.7095236e-003
  5.4475170e-003
  6.3435921e-004
 -4.1843649e-003
 -6.6239857e-003
 -5.6265969e-003
 -1.8996504e-003
  2.5430824e-003
  5.4566059e-003
  5.4883796e-003
  2.7935228e-003
 -1.1315239e-003
 -4.2684284e-003
 -5.1064086e-003
 -3.3608931e-003
 -4.4162331e-005
  3.1097443e-003
  4.5447510e-003
  3.6437233e-003
  9.8205585e-004
 -2.0233275e-003
 -3.8623019e-003
 -3.6850070e-003
 -1.6872232e-003
  1.0429622e-003
  3.1121518e-003
  3.5283531e-003
  2.1712755e-003
 -1.9393764e-004
 -2.3420657e-003
 -3.2186466e-003
 -2.4534073e-003
 -5.0852842e-004
  1.5926166e-003
  2.8004330e-003
  2.5598959e-003
  1.0605571e-003
 -8.9396655e-004
 -2.3134322e-003
 -2.5195287e-003
 -1.4661794e-003
  2.6759610e-004
  1.7927364e-003
  2.3631952e-003
  1.7374675e-003
  2.7522552e-004
 -1.2661070e-003
 -2.1211652e-003
 -1.8934112e-003
 -7.3497866e-004
  7.4962778e-004
  1.8171750e-003
  1.9546094e-003
  1.1216185e-003
 -2.4575098e-004
 -1.4627286e-003
 -1.9359529e-003
 -1.4481999e-003
 -2.5318935e-004
  1.0581299e-003
  1.8482809e-003
  1.7381769e-003
  7.8226446e-004
 -5.6396035e-004
 -1.6625215e-003
 -1.9911284e-003
 -1.3823758e-003
 -9.7470736e-005
  1.2933766e-003
  2.1650200e-003
  2.1105581e-003
  1.1160038e-003
 -4.3336313e-004
 -1.9099457e-003
 -2.6919550e-003
 -2.3986677e-003
 -1.0223031e-003
  1.0857215e-003
  3.3555243e-003
  5.2018995e-003
  6.2097565e-003
  6.2387824e-003
  5.4235476e-003
  4.0861813e-003
  2.6073988e-003
  1.3071127e-003
  3.7204300e-004
 -1.5727283e-004
 -3.5137709e-004
 -3.3382530e-004
 -2.2639606e-004
 -1.1477981e-004
 -4.0840355e-005
