-6.540
-6.970
-7.270
-7.470
-7.530
-7.550
-7.410
-7.050
-6.460
-5.900
-5.310
-4.560
-3.760
-3.170
-2.580
-1.920
-1.370
-1.030
-0.690
-0.220
 0.140
 0.340
 0.630
 0.910
 1.090
 1.130
 1.250
 1.370
 1.450
 1.450
 1.510
 1.570
 1.700
 1.740
 1.740
 1.760
 1.900
 1.960
 1.880
 1.840
 1.860
 1.940
 1.900
 1.900
 1.980
 2.080
 2.020
 2.040
 2.120
 2.200
 2.180
 2.240
 2.440
 2.650
 2.770
 3.030
 3.350
 3.670
 3.960
 4.340
 4.740
 5.210
 5.590
 5.980
 6.380
 6.780
 7.090
 7.290
 7.410
 7.450
 7.410
 7.090
 6.540
 6.000
 5.470
 4.720
 3.940
 3.270
 2.690
 2.040
 1.490
 1.110
 0.710
 0.240
-0.140
-0.320
-0.570
-0.850
-1.030
-1.070
-1.210
-1.290
-1.370
-1.390
-1.450
-1.510
-1.620
-1.660
-1.700
-1.720
-1.900
-1.980
-1.880
-1.800
-1.840
-1.880
-1.860
-1.860
-1.920
-2.020
-1.980
-1.980
-2.060
-2.160
-2.160
-2.220
-2.380
-2.600
-2.750
-2.970
-3.290
-3.630
-3.920
-4.280
-4.720
-5.170
-5.570
-6.040
-6.460
-6.890
-7.230
-7.450
-7.550
-7.590
-7.470
-7.150
-6.560
-6.000
-5.430
-4.700
-3.880
-3.270
-2.690
-2.020
-1.450
-1.090
-0.730
-0.280
 0.120
 0.340
 0.610
 0.870
 1.090
 1.130
 1.250
 1.370
 1.470
 1.450
 1.510
 1.600
 1.700
 1.760
 1.800
 1.800
 1.920
 2.020
 1.920
 1.840
 1.900
 1.960
 1.940
 1.920
 1.980
 2.060
 2.040
 2.040
 2.100
 2.220
 2.180
 2.240
 2.420
 2.620
 2.770
 2.990
 3.290
 3.630
 3.940
 4.280
 4.700
 5.150
 5.530
 5.920
 6.340
 6.720
 7.070
 7.290
 7.370
 7.450
 7.410
 7.110
 6.600
 6.060
 5.530
 4.850
 4.040
 3.350
 2.790
 2.200
 1.570
 1.170
 0.790
 0.360
-0.060
-0.280
-0.520
-0.790
-0.990
-1.050
-1.170
-1.270
-1.370
-1.390
-1.430
-1.490
-1.570
-1.620
-1.680
-1.700
-1.860
-2.020
-1.920
-1.820
-1.840
-1.880
-1.860
-1.820
-1.880
-1.980
-1.980
-1.960
-2.020
-2.160
-2.160
-2.200
-2.340
-2.580
-2.710
-2.930
-3.230
-3.570
-3.880
-4.220
-4.640
-5.130
-5.530
-5.980
-6.420
-6.840
-7.210
-7.470
-7.570
-7.610
-7.550
-7.270
-6.700
-6.120
-5.550
-4.830
-4.000
-3.310
-2.770
-2.120
-1.510
-1.110
-0.770
-0.320
 0.100
 0.360
 0.590
 0.850
 1.090
 1.150
 1.250
 1.350
 1.470
 1.490
 1.510
 1.570
 1.700
 1.780
 1.800
 1.840
 1.980
 2.140
 2.120
 1.960
 2.000
 2.040
 2.020
 1.940
 1.980
 2.080
 2.060
 2.040
 2.100
 2.200
 2.200
 2.220
 2.380
 2.620
 2.770
 2.970
 3.270
 3.610
 3.900
 4.240
 4.660
 5.070
 5.470
 5.860
 6.280
 6.700
 7.030
 7.290
 7.410
 7.450
 7.430
 7.170
 6.640
 6.100
 5.590
 4.950
 4.160
 3.450
 2.890
 2.280
 1.660
 1.250
 0.890
 0.440
 0.000
-0.240
-0.460
-0.710
-0.970
-1.030
-1.130
-1.230
-1.350
-1.350
-1.410
-1.450
-1.570
-1.660
-1.680
-1.700
-1.860
-2.000
-1.940
-1.820
-1.800
-1.860
-1.860
-1.780
-1.860
-1.960
-1.960
-1.940
-2.020
-2.140
-2.160
-2.140
-2.280
-2.540
-2.670
-2.850
-3.170
-3.530
-3.840
-4.160
-4.600
-5.070
-5.490
-5.940
-6.380
-6.800
-7.170
-7.430
-7.590
-7.650
-7.670
-7.430
-6.910
-6.280
-5.650
-4.970
-4.140
-3.410
-2.870
-2.220
-1.570
-1.150
-0.810
-0.400
 0.040
 0.340
 0.550
 0.810
 1.070
 1.150
 1.250
 1.350
 1.470
 1.470
 1.510
 1.570
 1.680
 1.780
 1.840
 1.840
 1.960
 2.120
 2.060
 1.960
 1.940
 2.000
 2.000
 1.940
 1.960
 2.060
 2.100
 2.040
 2.100
 2.200
 2.220
 2.200
 2.360
 2.580
 2.730
 2.890
 3.190
 3.530
 3.840
 4.160
 4.540
 4.990
 5.390
 5.790
 6.180
 6.580
 6.910
 7.150
 7.270
 7.310
 7.310
 7.090
 6.640
 6.120
 5.610
 5.030
 4.220
 3.510
 2.950
 2.340
 1.720
 1.270
 0.950
 0.500
 0.060
-0.200
-0.420
-0.690
-0.930
-1.010
-1.090
-1.190
-1.330
-1.310
-1.370
-1.430
-1.490
-1.570
-1.640
-1.640
-1.780
-2.000
-1.980
-1.820
-1.800
-1.840
-1.860
-1.800
-1.820
-1.920
-1.960
-1.900
-1.980
-2.080
-2.120
-2.120
-2.240
-2.460
-2.620
-2.790
-3.090
-3.450
-3.760
-4.060
-4.480
-4.930
-5.370
-5.810
-6.260
-6.680
-7.030
-7.350
-7.510
-7.570
-7.550
-7.330
-6.840
-6.240
-5.650
-5.010
-4.180
-3.430
-2.890
-2.280
-1.640
-1.190
-0.870
-0.460
 0.000
 0.320
 0.520
 0.810
 1.090
 1.170
 1.250
 1.350
 1.470
 1.490
 1.530
 1.570
 1.660
 1.720
 1.780
 1.820
 1.940
 2.200
 2.260
 2.080
 2.040
 2.060
 2.080
 1.980
 2.000
 2.060
 2.120
 2.040
 2.100
 2.220
 2.280
 2.240
 2.380
 2.600
 2.770
 2.930
 3.190
 3.530
 3.860
 4.180
 4.560
 5.030
 5.450
 5.880
 6.260
 6.680
 7.030
 7.290
 7.430
 7.490
 7.510
 7.330
 6.890
 6.340
 5.840
 5.230
 4.440
 3.690
 3.090
 2.480
 1.840
 1.370
 1.030
 0.610
 0.160
-0.160
-0.340
-0.610
-0.890
-0.970
-1.050
-1.170
-1.290
-1.290
-1.350
-1.390
-1.470
-1.530
-1.600
-1.600
-1.720
-1.940
-1.940
-1.780
-1.760
-1.800
-1.880
-1.780
-1.820
-1.900
-1.940
-1.880
-1.940
-2.040
-2.120
-2.100
-2.200
-2.420
-2.600
-2.750
-3.030
-3.370
-3.630
-3.980
-4.360
-4.830
-5.250
-5.650
-6.100
-6.540
-6.950
-7.250
-7.450
-7.510
-7.510
-7.330
-6.860
-6.240
-5.650
-5.030
-4.220
-3.450
-2.910
-2.320
-1.680
-1.210
-0.890
-0.480
-0.020
 0.300
 0.520
 0.790
 1.070
 1.190
 1.230
 1.330
 1.450
 1.490
 1.510
 1.600
 1.660
 1.740
 1.800
 1.820
 1.920
 2.180
 2.260
 2.100
 2.040
 2.060
 2.080
 2.000
 2.000
 2.080
 2.140
 2.100
 2.120
 2.220
 2.300
 2.260
 2.380
 2.580
 2.770
 2.930
 3.190
 3.530
 3.860
 4.140
 4.540
 5.010
 5.430
 5.840
 6.240
 6.640
 7.050
 7.350
 7.490
 7.590
 7.610
 7.490
 7.090
 6.520
 5.980
 5.390
 4.600
 3.820
 3.210
 2.620
 1.980
 1.450
 1.130
 0.690
 0.220
-0.080
-0.300
-0.570
-0.830
-0.970
-1.010
-1.130
-1.250
-1.310
-1.330
-1.390
-1.470
-1.530
-1.600
-1.620
-1.680
-1.900
-1.940
-1.780
-1.760
-1.800
-1.840
-1.780
-1.800
-1.860
-1.940
-1.900
-1.920
-2.020
-2.080
-2.080
-2.180
-2.360
-2.540
-2.690
-2.970
-3.290
-3.610
-3.880
-4.280
-4.720
-5.170
-5.550
-6.020
-6.440
-6.840
-7.170
-7.350
-7.430
-7.430
-7.270
-6.840
-6.260
-5.670
-5.070
-4.340
-3.570
-2.970
-2.400
-1.760
-1.210
-0.930
-0.520
-0.080
 0.280
 0.480
 0.770
 1.030
 1.190
 1.250
 1.350
 1.470
 1.530
 1.550
 1.600
 1.680
 1.800
 1.820
 1.840
 1.880
 2.060
 2.100
 1.980
 1.960
 2.020
 2.060
 2.000
 2.000
 2.060
 2.160
 2.100
 2.120
 2.200
 2.300
 2.260
 2.360
 2.580
 2.770
 2.910
 3.170
 3.490
 3.840
 4.120
 4.520
 4.970
 5.410
 5.810
 6.220
 6.620
 6.990
 7.290
 7.470
 7.530
 7.590
 7.510
 7.170
 6.600
 6.080
 5.490
 4.720
 3.940
 3.310
 2.730
 2.100
 1.550
 1.190
 0.790
 0.320
-0.060
-0.260
-0.500
-0.770
-0.930
-0.990
-1.110
-1.230
-1.290
-1.310
-1.350
-1.450
-1.530
-1.570
-1.620
-1.680
-1.880
-1.960
-1.820
-1.760
-1.760
-1.840
-1.780
-1.780
-1.840
-1.940
-1.900
-1.920
-2.020
-2.120
-2.060
-2.140
-2.300
-2.520
-2.650
-2.890
-3.210
-3.530
-3.820
-4.200
-4.620
-5.070
-5.490
-5.900
-6.360
-6.760
-7.090
-7.290
-7.370
-7.370
-7.250
-6.840
-6.260
-5.690
-5.150
-4.440
-3.630
-3.050
-2.480
-1.840
-1.290
-0.950
-0.570
-0.140
 0.240
 0.460
 0.730
 1.010
 1.190
 1.230
 1.350
 1.450
 1.530
 1.530
 1.600
 1.660
 1.740
 1.800
 1.840
 1.860
 2.080
 2.180
 2.060
 2.000
 2.040
 2.100
 2.020
 1.980
 2.040
 2.140
 2.080
 2.080
 2.180
 2.280
 2.280
 2.360
 2.520
 2.730
 2.870
 3.110
 3.410
 3.760
 4.040
 4.420
 4.850
 5.310
 5.690
 6.140
 6.520
 6.930
 7.230
 7.410
 7.490
 7.530
 7.450
 7.170
 6.620
 6.100
 5.570
 4.870
 4.020
 3.370
 2.790
 2.160
 1.600
 1.230
 0.830
 0.380
 0.000
-0.200
-0.440
-0.730
-0.930
-0.970
-1.090
-1.210
-1.290
-1.310
-1.350
-1.410
-1.490
-1.550
-1.570
-1.620
-1.800
-1.900
-1.800
-1.720
-1.720
-1.780
-1.760
-1.740
-1.820
-1.940
-1.900
-1.900
-1.980
-2.080
-2.060
-2.100
-2.280
-2.500
-2.620
-2.850
-3.190
-3.510
-3.780
-4.140
-4.580
-5.030
-5.430
-5.860
-6.280
-6.700
-7.050
-7.330
-7.390
-7.430
-7.330
-6.990
-6.400
-5.840
-5.270
-4.580
-3.780
-3.170
-2.620
-1.940
-1.350
-0.990
-0.630
-0.180
 0.200
 0.420
 0.690
 0.950
 1.170
 1.230
 1.330
 1.450
 1.550
 1.530
 1.620
 1.680
 1.780
 1.840
 1.860
 1.880
 2.040
 2.180
 2.100
 2.020
 2.040
 2.080
 2.040
 1.980
 2.060
 2.140
 2.100
 2.100
 2.160
 2.300
 2.280
 2.320
 2.480
 2.730
 2.850
 3.090
 3.390
 3.720
 4.000
 4.360
 4.810
 5.250
 5.650
 6.080
 6.500
 6.910
 7.230
 7.450
 7.510
 7.550
 7.510
 7.250
 6.700
 6.180
 5.650
 4.970
 4.120
 3.450
 2.910
 2.280
 1.660
 1.290
 0.910
 0.440
 0.020
-0.200
-0.440
-0.710
-0.890
-0.970
-1.090
-1.190
-1.270
-1.290
-1.330
-1.390
-1.470
-1.510
-1.570
-1.600
-1.780
-1.940
-1.840
-1.720
-1.720
-1.780
-1.780
-1.740
-1.800
-1.900
-1.880
-1.880
-1.980
-2.060
-2.060
-2.080
-2.240
-2.480
-2.600
-2.810
-3.130
-3.470
-3.740
-4.120
-4.520
-4.970
-5.370
-5.790
-6.220
-6.640
-6.990
-7.250
-7.350
-7.410
-7.370
-7.070
-6.520
-5.980
-5.430
-4.720
-3.920
-3.230
-2.690
-2.060
-1.430
-1.010
-0.690
-0.260
 0.160
 0.400
 0.650
 0.930
 1.170
 1.230
 1.330
 1.430
 1.530
 1.550
 1.640
 1.660
 1.760
 1.860
 1.880
 1.920
 2.120
 2.320
 2.300
 2.100
 2.080
 2.100
 2.040
 1.980
 2.040
 2.140
 2.120
 2.120
 2.200
 2.300
 2.300
 2.320
 2.480
 2.710
 2.850
 3.030
 3.330
 3.720
 3.980
 4.360
 4.740
 5.170
 5.590
 6.020
 6.420
 6.800
 7.170
 7.390
 7.510
 7.570
 7.550
 7.310
 6.800
 6.240
 5.710
 5.070
 4.240
 3.530
 2.990
 2.340
 1.740
 1.310
 0.950
 0.500
 0.080
-0.160
-0.380
-0.630
-0.870
-0.930
-1.050
-1.150
-1.270
-1.290
-1.350
-1.390
-1.450
-1.530
-1.570
-1.570
-1.740
-1.880
-1.820
-1.720
-1.740
-1.760
-1.760
-1.720
-1.780
-1.880
-1.880
-1.840
-1.920
-2.040
-2.040
-2.060
-2.220
-2.420
-2.600
-2.770
-3.070
-3.410
-3.690
-4.040
-4.460
-4.910
-5.310
-5.750
-6.180
-6.580
-6.970
-7.250
-7.390
-7.430
-7.410
-7.170
-6.640
-6.020
-5.430
-4.770
-3.920
-3.230
-2.710
-2.080
-1.430
-1.050
-0.710
-0.260
 0.140
 0.400
 0.650
 0.910
 1.150
 1.230
 1.310
 1.430
 1.570
 1.550
 1.620
 1.660
 1.760
 1.840
 1.880
 1.880
 2.000
 2.160
 2.120
 2.020
 2.040
 2.080
 2.080
 2.020
 2.060
 2.140
 2.160
 2.140
 2.180
 2.300
 2.300
 2.340
 2.460
 2.710
 2.850
 3.030
 3.310
 3.650
 3.960
 4.280
 4.700
 5.170
 5.550
 5.980
 6.400
 6.800
 7.130
 7.370
 7.470
 7.510
 7.490
 7.270
 6.780
 6.240
 5.750
 5.130
 4.320
 3.610
 3.050
 2.440
 1.820
 1.370
 1.030
 0.590
 0.140
-0.160
-0.340
-0.610
-0.850
-0.930
-1.030
-1.130
-1.270
-1.270
-1.330
-1.370
-1.450
-1.490
-1.550
-1.570
-1.700
-1.900
-1.880
-1.740
-1.700
-1.740
-1.760
-1.720
-1.780
-1.860
-1.900
-1.860
-1.920
-2.040
-2.080
-2.060
-2.180
-2.420
-2.560
-2.730
-3.030
-3.350
-3.670
-4.000
-4.400
-4.870
-5.310
-5.710
-6.160
-6.580
-6.950
-7.230
-7.390
-7.450
-7.450
-7.250
-6.760
-6.140
-5.570
-4.910
-4.080
-3.350
-2.830
-2.200
-1.550
-1.090
-0.790
-0.360
 0.100
 0.380
 0.590
 0.870
 1.150
 1.230
 1.310
 1.430
 1.550
 1.550
 1.620
 1.680
 1.780
 1.840
 1.880
 1.880
 1.960
 2.140
 2.140
 2.020
 2.020
 2.080
 2.100
 2.040
 2.040
 2.140
 2.160
 2.100
 2.160
 2.260
 2.300
 2.280
 2.420
 2.650
 2.830
 2.970
 3.250
 3.610
 3.920
 4.220
 4.600
 5.050
 5.450
 5.860
 6.240
 6.640
 7.010
 7.290
 7.430
 7.490
 7.510
 7.350
 6.890
 6.320
 5.810
 5.190
 4.400
 3.630
 3.090
 2.500
 1.880
 1.410
 1.090
 0.650
 0.180
-0.100
-0.300
-0.570
-0.830
-0.910
-0.990
-1.110
-1.250
-1.250
-1.290
-1.350
-1.430
-1.530
-1.600
-1.600
-1.720
-1.900
-1.880
-1.740
-1.700
-1.740
-1.780
-1.720
-1.760
-1.840
-1.900
-1.840
-1.920
-2.000
-2.040
-2.040
-2.140
-2.360
-2.520
-2.690
-2.950
-3.310
-3.590
-3.920
-4.300
-4.790
-5.210
-5.610
-6.040
-6.460
-6.860
-7.150
-7.290
-7.370
-7.370
-7.190
-6.740
-6.140
-5.590
-4.970
-4.140
-3.370
-2.830
-2.220
-1.550
-1.110
-0.810
-0.400
 0.040
 0.360
 0.590
 0.870
 1.170
 1.250
 1.310
 1.430
 1.550
 1.570
 1.620
 1.660
 1.740
 1.840
 1.900
 1.900
 1.940
 2.140
 2.140
 2.040
 2.020
 2.080
 2.100
 2.040
 2.060
 2.120
 2.180
 2.140
 2.160
 2.280
 2.340
 2.300
 2.420
 2.650
 2.830
 2.970
 3.230
 3.590
 3.880
 4.200
 4.580
 5.070
 5.490
 5.900
 6.320
 6.720
 7.130
 7.410
 7.570
 7.610
 7.670
 7.530
 7.110
 6.540
 6.020
 5.430
 4.640
 3.860
 3.230
 2.620
 1.980
 1.490
 1.150
 0.730
 0.260
-0.040
-0.260
-0.550
-0.790
-0.910
-0.990
-1.090
-1.230
-1.250
-1.310
-1.350
-1.430
-1.510
-1.530
-1.570
-1.640
-1.860
-1.900
-1.740
-1.700
-1.740
-1.780
-1.720
-1.760
-1.820
-1.900
-1.860
-1.900
-1.980
-2.060
-2.040
-2.120
-2.320
-2.500
-2.620
-2.910
-3.250
-3.550
-3.860
-4.240
-4.680
-5.130
-5.510
-5.960
-6.380
-6.760
-7.070
-7.250
-7.310
-7.350
-7.190
-6.740
-6.180
-5.610
-5.010
-4.240
-3.470
-2.910
-2.320
-1.680
-1.170
-0.870
-0.460
-0.020
 0.320
 0.520
 0.790
 1.090
 1.230
 1.290
 1.410
 1.530
 1.570
 1.600
 1.640
 1.720
 1.800
 1.820
 1.860
 1.920
 2.140
 2.200
 2.080
 2.040
 2.080
 2.140
 2.020
 2.040
 2.120
 2.180
 2.120
 2.160
 2.240
 2.300
 2.300
 2.380
 2.600
 2.810
 2.930
 3.190
 3.550
 3.860
 4.140
 4.540
 4.970
 5.430
 5.840
 6.260
 6.680
 7.090
 7.370
 7.550
 7.630
 7.650
 7.530
 7.170
 6.580
 6.060
 5.510
 4.770
 3.980
 3.350
 2.750
 2.100
 1.600
 1.230
 0.810
 0.340
-0.040
-0.220
-0.480
-0.770
-0.910
-0.950
-1.090
-1.190
-1.250
-1.270
-1.350
-1.390
-1.490
-1.530
-1.570
-1.640
-1.860
-1.920
-1.780
-1.720
-1.740
-1.800
-1.740
-1.740
-1.820
-1.920
-1.860
-1.880
-1.960
-2.060
-2.020
-2.100
-2.280
-2.480
-2.620
-2.850
-3.210
-3.510
-3.800
-4.180
-4.580
-5.050
-5.430
-5.880
-6.300
-6.720
-7.050
-7.230
-7.310
-7.310
-7.190
-6.760
-6.180
-5.610
-5.030
-4.320
-3.550
-2.970
-2.420
-1.760
-1.230
-0.910
-0.520
-0.080
 0.260
 0.500
 0.750
 1.010
 1.210
 1.250
 1.370
 1.510
 1.570
 1.570
 1.620
 1.700
 1.800
 1.840
 1.880
 1.860
 2.040
 2.100
 2.020
 1.980
 2.060
 2.080
 2.040
 2.020
 2.080
 2.180
 2.120
 2.140
 2.220
 2.320
 2.300
 2.380
 2.560
 2.770
 2.930
 3.170
 3.490
 3.840
 4.100
 4.480
 4.930
 5.370
 5.770
 6.220
 6.640
 7.030
 7.350
 7.530
 7.610
 7.650
 7.550
 7.230
 6.660
 6.120
 5.570
 4.870
 4.040
 3.390
 2.850
 2.220
 1.660
 1.270
 0.850
 0.400
 0.000
-0.200
-0.460
-0.730
-0.910
-0.950
-1.070
-1.190
-1.270
-1.290
-1.330
-1.410
-1.490
-1.550
-1.600
-1.640
-1.840
-1.920
-1.800
-1.720
-1.740
-1.780
-1.760
-1.760
-1.820
-1.920
-1.880
-1.880
-1.960
-2.080
-2.040
-2.100
-2.220
-2.460
-2.600
-2.850
-3.130
-3.470
-3.760
-4.120
-4.540
-4.990
-5.370
-5.810
-6.240
-6.680
-7.030
-7.270
-7.350
-7.390
-7.270
-6.910
-6.300
-5.730
-5.190
-4.480
-3.720
-3.090
-2.560
-1.920
-1.330
-0.970
-0.590
-0.180
 0.220
 0.440
 0.670
 0.990
 1.190
 1.250
 1.350
 1.450
 1.550
 1.550
 1.600
 1.660
 1.760
 1.780
 1.860
 1.860
 2.040
 2.180
 2.100
 2.000
 2.040
 2.120
 2.060
 2.000
 2.040
 2.160
 2.140
 2.120
 2.200
 2.300
 2.300
 2.320
 2.500
 2.750
 2.870
 3.090
 3.410
 3.740
 4.020
 4.400
 4.830
 5.290
 5.690
 6.120
 6.520
 6.910
 7.230
 7.450
 7.550
 7.590
 7.550
 7.270
 6.740
 6.200
 5.670
 4.990
 4.140
 3.470
 2.910
 2.280
 1.680
 1.270
 0.910
 0.440
 0.040
-0.180
-0.420
-0.710
-0.910
-0.950
-1.070
-1.190
-1.270
-1.290
-1.370
-1.410
-1.510
-1.550
-1.620
-1.640
-1.800
-1.900
-1.820
-1.720
-1.720
-1.800
-1.780
-1.760
-1.780
-1.920
-1.900
-1.900
-1.960
-2.080
-2.080
-2.100
-2.260
-2.480
-2.600
-2.830
-3.130
-3.470
-3.760
-4.120
-4.540
-4.990
-5.390
-5.840
-6.260
-6.700
-7.030
-7.310
-7.430
-7.470
-7.410
-7.110
-6.560
-5.940
-5.370
-4.680
-3.880
-3.210
-2.710
-2.020
-1.410
-1.010
-0.690
-0.240
 0.180
 0.420
 0.670
 0.930
 1.170
 1.210
 1.310
 1.430
 1.530
 1.530
 1.600
 1.660
 1.760
 1.860
 1.860
 1.880
 2.040
 2.180
 2.120
 2.020
 2.020
 2.080
 2.060
 1.980
 2.060
 2.120
 2.120
 2.100
 2.160
 2.260
 2.280
 2.280
 2.460
 2.690
 2.830
 3.010
 3.310
 3.650
 3.940
 4.300
 4.700
 5.170
 5.550
 6.000
 6.380
 6.780
 7.110
 7.330
 7.430
 7.470
 7.430
 7.210
 6.700
 6.140
 5.610
 4.970
 4.140
 3.490
 2.910
 2.300
 1.720
 1.290
 0.930
 0.480
 0.080
-0.200
-0.420
-0.670
-0.910
-0.950
-1.070
-1.190
-1.290
-1.290
-1.350
-1.390
-1.470
-1.550
-1.620
-1.620
-1.760
-1.960
-1.900
-1.740
-1.760
-1.800
-1.800
-1.760
-1.800
-1.900
-1.940
-1.900
-1.960
-2.080
-2.100
-2.100
-2.240
-2.460
-2.600
-2.830
-3.090
-3.450
-3.760
-4.120
-4.520
-4.970
-5.410
-5.880
-6.320
-6.760
-7.150
-7.430
-7.570
-7.630
-7.610
-7.290
-6.720
-6.080
-5.490
-4.830
-4.000
-3.330
-2.810
-2.180
-1.530
-1.130
-0.790
-0.340
 0.080
 0.360
 0.590
 0.850
 1.130
 1.210
 1.290
 1.410
 1.530
 1.530
 1.620
 1.640
 1.740
 1.800
 1.860
 1.880
 2.000
 2.220
 2.260
 2.080
 2.080
 2.120
 2.100
 2.000
 2.020
 2.100
 2.120
 2.100
 2.140
 2.240
 2.300
 2.300
 2.420
 2.650
 2.790
 2.950
 3.230
 3.570
 3.860
 4.200
 4.580
 5.050
 5.470
 5.880
 6.280
 6.700
 7.030
 7.270
 7.390
 7.430
 7.410
 7.230
 6.780
 6.220
 5.750
 5.130
 4.320
 3.610
 3.010
 2.400
 1.800
 1.370
 1.010
 0.590
 0.120
-0.160
-0.340
-0.630
-0.870
-0.930
-1.030
-1.150
-1.250
-1.270
-1.330
-1.370
-1.470
-1.550
-1.600
-1.620
-1.740
-1.940
-1.920
-1.760
-1.740
-1.780
-1.800
-1.740
-1.820
-1.900
-1.920
-1.880
-1.940
-2.040
-2.060
-2.100
-2.180
-2.420
-2.580
-2.750
-3.050
-3.410
-3.690
-4.040
-4.420
-4.870
-5.330
-5.730
-6.160
-6.580
-6.990
-7.290
-7.430
-7.510
-7.510
-7.310
-6.820
-6.200
-5.630
-4.990
-4.180
-3.450
-2.890
-2.240
-1.600
-1.130
-0.810
-0.400
 0.060
 0.340
 0.550
 0.830
 1.090
 1.210
 1.290
 1.390
 1.510
 1.550
 1.600
 1.640
 1.720
 1.780
 1.840
 1.840
 1.980
 2.200
 2.260
 2.080
 2.040
 2.060
 2.060
 1.980
 2.000
 2.080
 2.140
 2.100
 2.160
 2.260
 2.300
 2.300
 2.400
 2.620
 2.810
 2.950
 3.210
 3.570
 3.880
 4.180
 4.580
 5.050
 5.470
 5.880
 6.300
 6.680
 7.050
 7.310
 7.450
 7.490
 7.510
 7.350
 6.930
 6.420
 5.900
 5.310
 4.520
 3.780
 3.150
 2.540
 1.900
 1.430
 1.090
 0.650
 0.180
-0.120
-0.320
-0.590
-0.850
-0.970
-1.030
-1.130
-1.270
-1.270
-1.310
-1.390
-1.450
-1.510
-1.570
-1.550
-1.660
-1.860
-1.880
-1.760
-1.740
-1.760
-1.820
-1.780
-1.780
-1.880
-1.940
-1.880
-1.940
-2.020
-2.080
-2.060
-2.180
-2.380
-2.580
-2.710
-2.990
-3.330
-3.630
-3.940
-4.320
-4.790
-5.230
-5.650
-6.080
-6.520
-6.890
-7.190
-7.350
-7.410
-7.410
-7.250
-6.820
-6.240
-5.710
-5.110
-4.320
-3.530
-2.950
-2.360
-1.680
-1.190
-0.890
-0.480
-0.020
 0.280
 0.500
 0.770
 1.050
 1.190
 1.270
 1.370
 1.510
 1.530
 1.550
 1.620
 1.700
 1.780
 1.840
 1.840
 1.940
 2.120
 2.180
 2.040
 1.980
 2.000
 2.040
 1.980
 2.000
 2.060
 2.140
 2.100
 2.120
 2.220
 2.300
 2.280
 2.380
 2.580
 2.770
 2.910
 3.170
 3.510
 3.820
 4.120
 4.520
 4.970
 5.410
 5.790
 6.200
 6.620
 6.970
 7.230
 7.410
 7.490
 7.530
 7.430
 7.070
 6.520
 6.020
 5.430
 4.660
 3.880
 3.250
 2.650
 2.020
 1.490
 1.130
 0.710
 0.240
-0.080
-0.300
-0.550
-0.830
-0.950
-1.010
-1.110
-1.250
-1.290
-1.310
-1.370
-1.450
-1.550
-1.600
-1.660
-1.660
-1.860
-1.920
-1.780
-1.740
-1.780
-1.820
-1.760
-1.780
-1.860
-1.940
-1.900
-1.940
-2.020
-2.120
-2.060
-2.160
-2.360
-2.560
-2.710
-2.970
-3.310
-3.610
-3.900
-4.300
-4.770
-5.210
-5.630
-6.080
-6.500
-6.930
-7.230
-7.430
-7.470
-7.510
-7.390
-7.010
-6.400
-5.840
-5.250
-4.480
-3.690
-3.090
-2.500
-1.840
-1.310
-0.950
-0.570
-0.120
 0.240
 0.440
 0.730
 1.010
 1.170
 1.230
 1.350
 1.470
 1.550
 1.550
 1.620
 1.680
 1.780
 1.820
 1.860
 1.920
 2.140
 2.280
 2.160
 2.040
 2.060
 2.080
 2.000
 1.980
 2.040
 2.160
 2.100
 2.120
 2.200
 2.300
 2.280
 2.320
 2.520
 2.770
 2.850
 3.110
 3.470
 3.780
 4.060
 4.440
 4.890
 5.330
 5.710
 6.140
 6.520
 6.910
 7.210
 7.410
 7.490
 7.550
 7.490
 7.170
 6.620
 6.060
 5.490
 4.770
 3.960
 3.310
 2.750
 2.120
 1.550
 1.190
 0.790
 0.320
-0.060
-0.260
-0.500
-0.770
-0.950
-0.990
-1.130
-1.230
-1.290
-1.330
-1.390
-1.430
-1.530
-1.570
-1.600
-1.660
-1.860
-1.960
-1.840
-1.740
-1.760
-1.820
-1.780
-1.780
-1.860
-1.940
-1.900
-1.920
-2.000
-2.100
-2.080
-2.120
-2.300
-2.540
-2.670
-2.910
-3.230
-3.550
-3.840
-4.220
-4.640
-5.130
-5.510
-5.980
-6.420
-6.840
-7.170
-7.410
-7.470
-7.510
-7.390
-7.030
-6.460
-5.900
-5.310
-4.620
-3.820
-3.190
-2.620
-1.960
-1.370
-1.010
-0.650
-0.200
 0.180
 0.400
 0.670
 0.930
 1.150
 1.210
 1.330
 1.450
 1.530
 1.530
 1.600
 1.660
 1.740
 1.780
 1.820
 1.860
 2.060
 2.280
 2.180
 2.040
 2.080
 2.100
 2.020
 1.980
 2.020
 2.120
 2.100
 2.080
 2.160
 2.300
 2.260
 2.320
 2.500
 2.710
 2.830
 3.050
 3.350
 3.720
 4.000
 4.360
 4.790
 5.250
 5.650
 6.100
 6.500
 6.890
 7.210
 7.430
 7.490
 7.510
 7.470
 7.150
 6.640
 6.140
 5.610
 4.930
 4.120
 3.410
 2.890
 2.260
 1.680
 1.250
 0.890
 0.420
 0.000
-0.200
-0.440
-0.710
-0.910
-0.970
-1.090
-1.210
-1.310
-1.330
-1.370
-1.410
-1.530
-1.570
-1.600
-1.620
-1.760
-1.900
-1.840
-1.720
-1.760
-1.800
-1.780
-1.760
-1.820
-1.920
-1.900
-1.900
-1.960
-2.080
-2.100
-2.120
-2.260
-2.500
-2.600
-2.830
-3.150
-3.470
-3.780
-4.120
-4.540
-5.010
-5.430
-5.880
-6.300
-6.740
-7.090
-7.390
-7.510
-7.530
-7.490
-7.190
-6.640
-6.040
-5.450
-4.770
-3.940
-3.270
-2.730
-2.080
-1.450
-1.050
-0.710
-0.280
 0.160
 0.400
 0.630
 0.910
 1.150
 1.210
 1.310
 1.430
 1.530
 1.550
 1.600
 1.640
 1.740
 1.820
 1.860
 1.860
 2.040
 2.220
 2.180
 2.040
 2.060
 2.080
 2.060
 1.960
 2.020
 2.100
 2.100
 2.080
 2.140
 2.280
 2.280
 2.300
 2.440
 2.690
 2.810
 3.010
 3.290
 3.630
 3.920
 4.260
 4.680
 5.130
 5.550
 5.960
 6.400
 6.800
 7.130
 7.350
 7.450
 7.490
 7.450
 7.230
 6.740
 6.200
 5.670
 5.030
 4.220
 3.510
 2.970
 2.360
 1.740
 1.310
 0.970
 0.520
 0.060
-0.180
-0.380
-0.650
-0.910
-0.970
-1.070
-1.170
-1.290
-1.290
-1.370
-1.410
-1.490
-1.550
-1.620
-1.620
-1.780
-1.980
-1.920
-1.780
-1.760
-1.800
-1.800
-1.760
-1.820
-1.920
-1.940
-1.920
-1.960
-2.080
-2.100
-2.100
-2.220
-2.480
-2.600
-2.790
-3.090
-3.450
-3.740
-4.080
-4.500
-4.970
-5.390
-5.840
-6.280
-6.700
-7.110
-7.390
-7.530
-7.590
-7.550
-7.290
-6.760
-6.160
-5.570
-4.950
-4.140
-3.410
-2.890
-2.240
-1.570
-1.130
-0.790
-0.360
 0.060
 0.360
 0.570
 0.830
 1.090
 1.190
 1.270
 1.390
 1.510
 1.510
 1.570
 1.620
 1.700
 1.760
 1.820
 1.840
 1.960
 2.200
 2.220
 2.040
 2.040
 2.080
 2.080
 1.980
 1.980
 2.080
 2.120
 2.060
 2.120
 2.240
 2.260
 2.260
 2.400
 2.620
 2.770
 2.910
 3.210
 3.550
 3.860
 4.180
 4.580
 5.050
 5.450
 5.880
 6.300
 6.680
 7.030
 7.290
 7.390
 7.430
 7.430
 7.250
 6.800
 6.260
 5.750
 5.130
 4.320
 3.590
 3.030
 2.440
 1.820
 1.370
 1.030
 0.590
 0.120
-0.160
-0.360
-0.630
-0.870
-0.970
-1.050
-1.150
-1.290
-1.290
-1.350
-1.390
-1.490
-1.570
-1.620
-1.620
-1.700
-1.880
-1.880
-1.760
-1.740
-1.780
-1.820
-1.780
-1.800
-1.900
-1.960
-1.900
-1.960
-2.060
-2.100
-2.080
-2.220
-2.420
-2.600
-2.770
-3.050
-3.390
-3.720
-4.020
-4.440
-4.910
-5.330
-5.730
-6.200
-6.600
-6.990
-7.330
-7.490
-7.550
-7.550
-7.370
-6.910
-6.280
-5.690
-5.050
-4.260
-3.490
-2.950
-2.340
-1.680
-1.210
-0.870
-0.460
 0.000
 0.320
 0.520
 0.790
 1.050
 1.170
 1.250
 1.350
 1.490
 1.510
 1.550
 1.620
 1.700
 1.800
 1.820
 1.820
 1.880
 2.080
 2.120
 2.000
 1.960
 2.020
 2.060
 1.980
 2.000
 2.060
 2.120
 2.040
 2.120
 2.220
 2.260
 2.260
 2.360
 2.580
 2.770
 2.910
 3.150
 3.510
 3.820
 4.120
 4.520
 4.950
 5.390
 5.790
 6.180
 6.600
 6.970
 7.210
 7.350
 7.410
 7.410
 7.270
 6.890
 6.340
 5.840
 5.250
 4.460
 3.740
 3.110
 2.520
 1.900
 1.390
 1.070
 0.670
 0.180
-0.120
-0.340
-0.590
-0.870
-0.970
-1.050
-1.130
-1.270
-1.290
-1.330
-1.390
-1.450
-1.530
-1.600
-1.600
-1.680
-1.880
-1.860
-1.760
-1.740
-1.760
-1.840
-1.780
-1.800
-1.880
-1.960
-1.880
-1.940
-2.040
-2.120
-2.100
-2.180
-2.380
-2.600
-2.730
-3.010
-3.350
-3.650
-3.960
-4.360
-4.830
-5.250
-5.690
-6.120
-6.560
-6.990
-7.270
-7.450
-7.510
-7.490
-7.310
-6.860
-6.280
-5.710
-5.130
-4.340
-3.570
-3.010
-2.400
-1.740
-1.250
-0.910
-0.500
-0.060
 0.280
 0.480
 0.750
 1.030
 1.170
 1.230
 1.330
 1.450
 1.510
 1.550
 1.620
 1.680
 1.800
 1.860
 1.840
 1.920
 2.120
 2.160
 2.000
 1.980
 2.000
 2.040
 1.980
 2.000
 2.060
 2.160
 2.080
 2.120
 2.220
 2.280
 2.240
 2.340
 2.540
 2.730
 2.870
 3.130
 3.470
 3.800
 4.080
 4.460
 4.910
 5.330
 5.690
 6.100
 6.480
 6.840
 7.150
 7.330
 7.430
 7.490
 7.390
 7.050
 6.480
 5.960
 5.350
 4.580
 3.800
 3.190
 2.600
 1.980
 1.450
 1.110
 0.690
 0.220
-0.120
-0.300
-0.570
-0.830
-0.950
-1.030
-1.130
-1.250
-1.310
-1.330
-1.390
-1.470
-1.570
-1.640
-1.640
-1.680
-1.880
-1.900
-1.740
-1.740
-1.760
-1.820
-1.760
-1.800
-1.860
-1.960
-1.900
-1.920
-2.000
-2.080
-2.080
-2.160
-2.360
-2.560
-2.690
-2.970
-3.290
-3.630
-3.920
-4.300
-4.740
-5.190
-5.570
-6.020
-6.460
-6.860
-7.170
-7.390
-7.450
-7.470
-7.310
-6.910
-6.320
-5.730
-5.150
-4.380
-3.590
-3.010
-2.440
-1.800
-1.230
-0.930
-0.550
-0.100
 0.240
 0.460
 0.750
 1.030
 1.190
 1.230
 1.350
 1.450
 1.530
 1.530
 1.600
 1.680
 1.740
 1.800
 1.820
 1.860
 2.060
 2.180
 2.060
 2.000
 2.060
 2.100
 2.020
 2.000
 2.060
 2.120
 2.060
 2.100
 2.180
 2.280
 2.240
 2.340
 2.520
 2.730
 2.870
 3.130
 3.430
 3.760
 4.040
 4.440
 4.890
 5.310
 5.690
 6.140
 6.560
 6.930
 7.230
 7.410
 7.470
 7.490
 7.390
 7.030
 6.460
 5.980
 5.430
 4.680
 3.920
 3.270
 2.690
 2.060
 1.530
 1.170
 0.750
 0.300
-0.080
-0.280
-0.520
-0.790
-0.970
-1.010
-1.130
-1.250
-1.310
-1.330
-1.350
-1.450
-1.530
-1.600
-1.620
-1.660
-1.860
-1.940
-1.800
-1.760
-1.780
-1.840
-1.800
-1.800
-1.860
-1.960
-1.900
-1.920
-2.000
-2.080
-2.080
-2.160
-2.340
-2.560
-2.690
-2.930
-3.250
-3.570
-3.860
-4.240
-4.640
-5.110
-5.510
-5.940
-6.400
-6.800
-7.130
-7.350
-7.470
-7.490
-7.390
-7.030
-6.420
-5.840
-5.230
-4.480
-3.670
-3.070
-2.480
-1.860
-1.290
-0.970
-0.610
-0.160
 0.220
 0.440
 0.710
 0.990
 1.190
 1.210
 1.330
 1.450
 1.510
 1.510
 1.600
 1.660
 1.740
 1.780
 1.820
 1.860
 2.100
 2.220
 2.140
 2.020
 2.060
 2.100
 2.020
 1.980
 2.040
 2.120
 2.080
 2.100
 2.180
 2.280
 2.280
 2.340
 2.500
 2.730
 2.850
 3.090
 3.410
 3.760
 4.020
 4.420
 4.850
 5.290
 5.690
 6.140
 6.560
 6.950
 7.290
 7.470
 7.570
 7.610
 7.550
 7.250
 6.700
 6.160
 5.610
 4.890
 4.060
 3.390
 2.810
 2.160
 1.570
 1.210
 0.830
 0.360
-0.020
-0.240
-0.480
-0.750
-0.950
-1.010
-1.110
-1.230
-1.310
-1.330
-1.390
-1.450
-1.550
-1.620
-1.640
-1.660
-1.860
-1.940
-1.840
-1.760
-1.760
-1.820
-1.780
-1.780
-1.860
-1.960
-1.920
-1.920
-2.000
-2.100
-2.080
-2.120
-2.300
-2.500
-2.620
-2.870
-3.210
-3.510
-3.800
-4.180
-4.580
-5.030
-5.430
-5.860
-6.300
-6.720
-7.050
-7.310
-7.410
-7.410
-7.330
-6.990
-6.400
-5.790
-5.230
-4.520
-3.720
-3.090
-2.560
-1.920
-1.350
-1.010
-0.650
-0.220
 0.180
 0.400
 0.690
 0.930
 1.170
 1.210
 1.310
 1.430
 1.510
 1.510
 1.570
 1.640
 1.740
 1.780
 1.820
 1.840
 2.020
 2.180
 2.100
 1.980
 2.020
 2.060
 2.020
 1.960
 2.040
 2.120
 2.100
 2.100
 2.160
 2.280
 2.280
 2.320
 2.480
 2.730
 2.850
 3.070
 3.410
 3.740
 4.020
 4.400
 4.830
 5.270
 5.690
 6.100
 6.520
 6.930
 7.230
 7.470
 7.550
 7.570
 7.570
 7.330
 6.780
 6.220
 5.690
 4.970
 4.120
 3.450
 2.870
 2.260
 1.660
 1.250
 0.890
 0.440
 0.020
-0.200
-0.440
-0.730
-0.930
-0.970
-1.110
-1.210
-1.310
-1.330
-1.370
-1.430
-1.530
-1.620
-1.640
-1.660
-1.840
-1.960
-1.860
-1.760
-1.760
-1.820
-1.800
-1.780
-1.840
-1.940
-1.920
-1.920
-2.020
-2.100
-2.060
-2.100
-2.260
-2.480
-2.620
-2.830
-3.150
-3.490
-3.780
-4.120
-4.540
-4.970
-5.370
-5.810
-6.220
-6.660
-7.010
-7.250
-7.370
-7.410
-7.350
-7.030
-6.460
-5.860
-5.310
-4.620
-3.820
-3.210
-2.690
-2.020
-1.430
-1.030
-0.690
-0.260
 0.160
 0.400
 0.630
 0.910
 1.130
 1.210
 1.290
 1.410
 1.510
 1.510
 1.570
 1.640
 1.740
 1.820
 1.840
 1.860
 2.040
 2.200
 2.160
 2.020
 2.040
 2.060
 2.040
 1.960
 2.020
 2.100
 2.080
 2.080
 2.140
 2.260
 2.260
 2.280
 2.440
 2.670
 2.810
 3.010
 3.310
 3.650
 3.940
 4.340
 4.740
 5.190
 5.610
 6.040
 6.440
 6.840
 7.190
 7.390
 7.510
 7.550
 7.530
 7.290
 6.800
 6.240
 5.710
 5.030
 4.180
 3.490
 2.930
 2.300
 1.700
 1.290
 0.910
 0.460
 0.040
-0.200
-0.420
-0.690
-0.930
-0.990
-1.090
-1.210
-1.310
-1.330
-1.390
-1.410
-1.510
-1.570
-1.620
-1.620
-1.760
-1.920
-1.840
-1.740
-1.780
-1.820
-1.820
-1.780
-1.840
-1.940
-1.940
-1.900
-1.980
-2.100
-2.080
-2.100
-2.240
-2.460
-2.620
-2.810
-3.110
-3.450
-3.740
-4.080
-4.480
-4.930
-5.350
-5.770
-6.180
-6.620
-6.990
-7.250
-7.350
-7.390
-7.330
-7.070
-6.540
-5.960
-5.390
-4.740
-3.960
-3.270
-2.730
-2.100
-1.470
-1.070
-0.750
-0.320
 0.100
 0.340
 0.590
 0.850
 1.110
 1.190
 1.270
 1.390
 1.510
 1.510
 1.570
 1.600
 1.720
 1.800
 1.820
 1.840
 1.960
 2.160
 2.100
 1.960
 1.980
 2.000
 1.980
 1.940
 2.000
 2.100
 2.100
 2.080
 2.140
 2.240
 2.260
 2.280
 2.420
 2.650
 2.790
 2.950
 3.270
 3.610
 3.920
 4.240
 4.660
 5.110
 5.530
 5.920
 6.320
 6.740
 7.090
 7.350
 7.490
 7.570
 7.590
 7.370
 6.890
 6.300
 5.770
 5.110
 4.280
 3.570
 2.990
 2.380
 1.740
 1.290
 0.930
 0.500
 0.040
-0.240
-0.420
-0.690
-0.910
-0.990
-1.090
-1.210
-1.310
-1.330
-1.390
-1.450
-1.550
-1.620
-1.660
-1.680
-1.800
-1.960
-1.880
-1.780
-1.760
-1.820
-1.840
-1.780
-1.840
-1.920
-1.940
-1.920
-1.960
-2.080
-2.120
-2.100
-2.240
-2.460
-2.620
-2.790
-3.090
-3.430
-3.720
-4.080
-4.460
-4.930
-5.350
-5.770
-6.200
-6.620
-7.010
-7.270
-7.430
-7.490
-7.470
-7.250
-6.720
-6.100
-5.550
-4.870
-4.060
-3.350
-2.810
-2.180
-1.550
-1.130
-0.810
-0.400
 0.040
 0.340
 0.550
 0.830
 1.110
 1.190
 1.270
 1.370
 1.490
 1.490
 1.550
 1.600
 1.720
 1.780
 1.800
 1.800
 1.920
 2.080
 2.060
 1.940
 1.940
 1.980
 2.020
 1.960
 1.980
 2.080
 2.100
 2.040
 2.120
 2.200
 2.240
 2.240
 2.360
 2.600
 2.770
 2.910
 3.190
 3.550
 3.860
 4.180
 4.580
 5.030
 5.450
 5.860
 6.260
 6.660
 7.010
 7.270
 7.410
 7.490
 7.490
 7.330
 6.860
 6.300
 5.790
 5.170
 4.340
 3.570
 3.030
 2.440
 1.820
 1.350
 1.010
 0.590
 0.120
-0.160
-0.380
-0.650
-0.890
-1.010
-1.070
-1.170
-1.310
-1.330
-1.370
-1.430
-1.510
-1.550
-1.640
-1.640
-1.740
-1.960
-1.940
-1.780
-1.780
-1.820
-1.840
-1.780
-1.840
-1.920
-1.980
-1.920
-1.960
-2.080
-2.120
-2.120
-2.220
-2.440
-2.600
-2.770
-3.050
-3.410
-3.720
-4.000
-4.420
-4.870
-5.290
-5.710
-6.120
-6.560
-6.950
-7.230
-7.410
-7.510
-7.510
-7.370
-6.910
-6.280
-5.690
-5.030
-4.200
-3.450
-2.930
-2.320
-1.660
-1.190
-0.890
-0.460
 0.000
 0.300
 0.520
 0.790
 1.090
 1.170
 1.250
 1.350
 1.490
 1.510
 1.530
 1.600
 1.700
 1.760
 1.820
 1.820
 1.880
 2.060
 2.080
 1.960
 1.940
 2.000
 2.040
 1.960
 1.980
 2.040
 2.120
 2.060
 2.080
 2.180
 2.240
 2.220
 2.340
 2.580
 2.750
 2.890
 3.170
 3.490
 3.780
 4.100
 4.480
 4.950
 5.370
 5.750
 6.180
 6.600
 6.970
 7.230
 7.390
 7.410
 7.450
 7.270
 6.820
 6.280
 5.810
 5.250
 4.460
 3.740
 3.130
 2.520
 1.880
 1.370
 1.030
 0.630
 0.160
-0.160
-0.340
-0.630
-0.870
-0.990
-1.050
-1.190
-1.290
-1.330
-1.370
-1.410
-1.510
-1.570
-1.640
-1.660
-1.740
-1.960
-1.960
-1.820
-1.760
-1.800
-1.860
-1.780
-1.840
-1.920
-1.960
-1.900
-1.960
-2.040
-2.140
-2.080
-2.180
-2.400
-2.580
-2.730
-2.990
-3.350
-3.650
-3.960
-4.340
-4.790
-5.250
-5.650
-6.060
-6.500
-6.930
-7.190
-7.390
-7.450
-7.470
-7.330
-6.910
-6.300
-5.730
-5.110
-4.300
-3.550
-2.970
-2.400
-1.700
-1.250
-0.930
-0.520
-0.080
 0.260
 0.460
 0.750
 1.030
 1.170
 1.210
 1.330
 1.450
 1.490
 1.510
 1.550
 1.640
 1.740
 1.780
 1.800
 1.860
 2.100
 2.140
 1.980
 1.960
 2.000
 2.060
 1.960
 1.960
 2.040
 2.120
 2.060
 2.100
 2.180
 2.220
 2.220
 2.320
 2.540
 2.710
 2.870
 3.110
 3.470
 3.780
 4.060
 4.440
 4.890
 5.330
 5.730
 6.140
 6.560
 6.930
 7.230
 7.410
 7.470
 7.510
 7.390
 7.010
 6.460
 5.940
 5.370
 4.600
 3.820
 3.210
 2.600
 1.960
 1.450
 1.090
 0.690
 0.220
-0.120
-0.320
-0.570
-0.850
-0.990
-1.050
-1.150
-1.290
-1.310
-1.350
-1.390
-1.470
-1.570
-1.620
-1.640
-1.720
-1.960
-2.000
-1.860
-1.800
-1.820
-1.880
-1.820
-1.840
-1.900
-1.980
-1.940
-1.960
-2.020
-2.120
-2.100
-2.180
-2.380
-2.560
-2.690
-2.950
-3.270
-3.610
-3.880
-4.260
-4.680
-5.150
-5.550
-6.000
-6.420
-6.840
-7.170
-7.370
-7.470
-7.490
-7.330
-6.910
-6.300
-5.730
-5.130
-4.380
-3.610
-3.030
-2.480
-1.820
-1.310
-1.010
-0.610
-0.160
 0.200
 0.440
 0.710
 0.970
 1.130
 1.190
 1.310
 1.410
 1.470
 1.470
 1.530
 1.620
 1.700
 1.740
 1.780
 1.840
 2.060
 2.160
 2.020
 1.960
 2.000
 2.000
 1.960
 1.980
 2.020
 2.100
 2.060
 2.080
 2.140
 2.260
 2.200
 2.280
 2.480
 2.690
 2.830
 3.070
 3.370
 3.720
 4.020
 4.380
 4.810
 5.250
 5.650
 6.080
 6.480
 6.860
 7.190
 7.390
 7.470
 7.510
 7.430
 7.090
 6.540
 6.020
 5.470
 4.740
 3.940
 3.290
 2.710
 2.080
 1.510
 1.150
 0.750
 0.280
-0.100
-0.300
-0.550
-0.810
-0.970
-1.050
-1.150
-1.270
-1.350
-1.350
-1.410
-1.490
-1.600
-1.660
-1.700
-1.740
-1.940
-2.040
-1.880
-1.800
-1.820
-1.860
-1.820
-1.820
-1.880
-1.980
-1.960
-1.960
-2.020
-2.140
-2.120
-2.180
-2.320
-2.540
-2.690
-2.930
-3.250
-3.570
-3.860
-4.240
-4.660
-5.110
-5.510
-5.940
-6.380
-6.800
-7.150
-7.390
-7.470
-7.470
-7.330
-6.950
-6.340
-5.770
-5.210
-4.520
-3.740
-3.130
-2.580
-1.940
-1.350
-1.010
-0.650
-0.200
 0.180
 0.400
 0.630
 0.930
 1.130
 1.190
 1.290
 1.410
 1.470
 1.490
 1.550
 1.620
 1.720
 1.740
 1.800
 1.840
 2.020
 2.140
 2.040
 1.940
 2.000
 2.040
 1.980
 1.960
 2.000
 2.100
 2.060
 2.060
 2.120
 2.240
 2.220
 2.280
 2.460
 2.690
 2.810
 3.050
 3.370
 3.720
 3.980
 4.380
 4.810
 5.230
 5.630
 6.080
 6.480
 6.890
 7.210
 7.450
 7.550
 7.610
 7.530
 7.230
 6.700
 6.120
 5.590
 4.870
 4.060
 3.390
 2.830
 2.200
 1.620
 1.210
 0.830
 0.360
-0.060
-0.260
-0.500
-0.790
-0.970
-1.010
-1.150
-1.250
-1.350
-1.370
-1.430
-1.470
-1.570
-1.600
-1.660
-1.680
-1.860
-1.980
-1.860
-1.780
-1.800
-1.840
-1.840
-1.800
-1.820
-1.980
-1.960
-1.940
-2.000
-2.120
-2.120
-2.140
-2.300
-2.520
-2.670
-2.890
-3.170
-3.530
-3.820
-4.160
-4.560
-5.030
-5.430
-5.860
-6.280
-6.700
-7.070
-7.330
-7.410
-7.450
-7.370
-7.050
-6.460
-5.900
-5.310
-4.640
-3.860
-3.190
-2.730
-2.060
-1.430
-1.070
-0.730
-0.280
 0.120
 0.340
 0.630
 0.850
 1.090
 1.150
 1.270
 1.370
 1.490
 1.490
 1.550
 1.620
 1.700
 1.780
 1.800
 1.800
 1.980
 2.140
 2.120
 1.980
 2.020
 2.040
 2.000
 1.960
 1.980
 2.080
 2.060
 2.040
 2.100
 2.240
 2.240
 2.280
 2.440
 2.670
 2.790
 3.010
 3.290
 3.650
 3.960
 4.300
 4.720
 5.190
 5.610
 6.060
 6.480
 6.890
 7.230
 7.470
 7.550
 7.590
 7.550
 7.290
 6.740
 6.200
 5.650
 4.990
 4.180
 3.490
 2.910
 2.300
 1.680
 1.250
 0.890
 0.440
 0.000
-0.220
-0.460
-0.750
-0.970
-1.010
-1.130
-1.250
-1.350
-1.350
-1.430
-1.470
-1.550
-1.620
-1.680
-1.700
-1.840
-2.040
-1.980
-1.840
-1.820
-1.860
-1.860
-1.820
-1.880
-1.980
-1.980
-1.960
-2.020
-2.140
-2.140
-2.120
-2.260
-2.520
-2.670
-2.850
-3.130
-3.490
-3.780
-4.160
-4.540
-4.990
-5.390
-5.810
-6.260
-6.680
-7.010
-7.270
-7.410
-7.450
-7.430
-7.130
-6.560
-5.980
-5.450
-4.810
-4.000
-3.330
-2.810
-2.180
-1.530
-1.130
-0.790
-0.360
 0.060
 0.320
 0.570
 0.830
 1.070
 1.150
 1.250
 1.350
 1.470
 1.470
 1.530
 1.550
 1.680
 1.760
 1.780
 1.780
 1.900
 2.060
 2.020
 1.920
 1.940
 2.020
 2.000
 1.940
 1.980
 2.060
 2.060
 2.020
 2.080
 2.180
 2.220
 2.220
 2.380
 2.600
 2.750
 2.930
 3.210
 3.550
 3.860
 4.200
 4.600
 5.070
 5.490
 5.920
 6.340
 6.740
 7.090
 7.330
 7.430
 7.490
 7.470
 7.250
 6.760
 6.220
 5.670
 5.050
 4.220
 3.490
 2.930
 2.340
 1.720
 1.310
 0.930
 0.460
 0.040
-0.220
-0.440
-0.690
-0.950
-1.010
-1.110
-1.230
-1.350
-1.350
-1.410
-1.450
-1.530
-1.620
-1.660
-1.680
-1.800
-2.000
-1.980
-1.820
-1.800
-1.840
-1.860
-1.800
-1.860
-1.960
-2.000
-1.940
-2.000
-2.140
-2.160
-2.160
-2.260
-2.480
-2.650
-2.830
-3.110
-3.470
-3.760
-4.100
-4.520
-4.970
-5.390
-5.810
-6.220
-6.640
-7.070
-7.350
-7.530
-7.570
-7.570
-7.350
-6.820
-6.180
-5.590
-4.930
-4.140
-3.430
-2.910
-2.300
-1.640
-1.170
-0.870
-0.440
 0.000
 0.300
 0.500
 0.770
 1.030
 1.130
 1.210
 1.330
 1.450
 1.470
 1.510
 1.550
 1.660
 1.740
 1.780
 1.780
 1.880
 2.020
 2.020
 1.900
 1.920
 1.980
 2.020
 1.940
 1.960
 2.040
 2.060
 2.000
 2.060
 2.180
 2.220
 2.200
 2.320
 2.560
 2.710
 2.870
 3.150
 3.510
 3.820
 4.120
 4.520
 4.990
 5.430
 5.810
 6.240
 6.640
 6.990
 7.250
 7.370
 7.410
 7.410
 7.230
 6.820
 6.300
 5.750
 5.150
 4.360
 3.610
 3.010
 2.440
 1.820
 1.330
 1.010
 0.570
 0.100
-0.180
-0.380
-0.650
-0.910
-1.030
-1.090
-1.210
-1.330
-1.350
-1.390
-1.450
-1.530
-1.620
-1.680
-1.660
-1.780
-1.980
-1.980
-1.840
-1.820
-1.840
-1.880
-1.860
-1.860
-1.940
-2.020
-1.960
-2.000
-2.100
-2.160
-2.120
-2.240
-2.460
-2.650
-2.790
-3.070
-3.410
-3.720
-4.040
-4.420
-4.890
-5.330
-5.750
-6.180
-6.600
-7.030
-7.310
-7.470
-7.550
-7.530
-7.370
-6.910
-6.280
-5.710
-5.090
-4.320
-3.570
-3.030
-2.420
-1.760
-1.250
-0.950
-0.520
-0.060
 0.240
 0.440
 0.730
 1.010
 1.130
 1.210
 1.310
 1.430
 1.450
 1.490
 1.530
 1.640
 1.660
 1.720
 1.760
 1.820
 2.080
 2.180
 2.040
 1.980
 2.040
 2.040
 1.920
 1.920
 1.980
 2.040
 2.000
 2.040
 2.140
 2.220
 2.200
 2.300
 2.480
 2.690
 2.810
 3.070
 3.410
 3.740
 4.000
 4.420
 4.850
 5.290
 5.690
 6.100
 6.520
 6.860
 7.090
 7.250
 7.310
 7.330
 7.210
 6.840
 6.300
 5.790
 5.210
 4.440
 3.650
 3.070
 2.500
 1.900
 1.370
 1.050
 0.630
 0.140
-0.160
-0.360
-0.650
-0.910
-1.030
-1.090
-1.190
-1.310
-1.370
-1.390
-1.450
-1.510
-1.620
-1.680
-1.740
-1.780
-1.980
-2.020
-1.880
-1.820
-1.820
-1.880
-1.820
-1.860
-1.940
-2.040
-1.980
-2.020
-2.100
-2.160
-2.160
-2.240
-2.420
-2.650
-2.770
-3.030
-3.390
-3.720
-4.000
-4.420
-4.870
-5.310
-5.750
-6.200
-6.620
-7.090
-7.410
-7.630
-7.710
-7.730
-7.590
-7.190
-6.540
-5.920
-5.290
-4.520
-3.720
-3.150
-2.580
-1.900
-1.370
-1.030
-0.610
-0.160
 0.200
 0.420
 0.670
 0.950
 1.130
 1.170
 1.290
 1.410
 1.470
 1.470
 1.530
 1.600
 1.660
 1.720
 1.760
 1.820
 2.080
 2.220
 2.120
 2.000
 2.040
 2.060
 1.960
 1.920
 1.980
 2.100
 2.000
 2.020
 2.140
 2.220
 2.180
 2.280
 2.460
 2.650
 2.770
 3.030
 3.330
 3.670
 3.940
 4.320
 4.770
 5.190
 5.570
 6.000
 6.360
 6.740
 7.010
 7.170
 7.250
 7.310
 7.250
 6.970
 6.420
 5.900
 5.330
 4.600
 3.800
 3.150
 2.620
 2.000
 1.450
 1.110
 0.690
 0.240
-0.140
-0.320
-0.590
-0.850
-1.010
-1.070
-1.210
-1.310
-1.370
-1.390
-1.450
-1.510
-1.600
-1.660
-1.700
-1.720
-1.920
-2.000
-1.860
-1.820
-1.840
-1.900
-1.860
-1.840
-1.920
-2.020
-2.000
-2.000
-2.060
-2.160
-2.140
-2.220
-2.400
-2.600
-2.750
-2.990
-3.310
-3.650
-3.940
-4.320
-4.740
-5.230
-5.630
-6.100
-6.560
-7.010
-7.390
-7.650
-7.730
-7.750
-7.590
-7.210
-6.600
-5.980
-5.390
-4.660
-3.840
-3.210
-2.650
-2.000
-1.410
-1.070
-0.710
-0.260
 0.140
 0.340
 0.630
 0.890
 1.110
 1.170
 1.290
 1.370
 1.470
 1.470
 1.530
 1.600
 1.700
 1.740
 1.760
 1.780
 1.940
 2.080
 1.980
 1.900
 1.960
 2.000
 1.980
 1.920
 1.980
 2.080
 2.040
 2.020
 2.100
 2.220
 2.200
 2.240
 2.420
 2.620
 2.750
 3.010
 3.290
 3.630
 3.920
 4.280
 4.680
 5.150
 5.550
 5.980
 6.380
 6.760
 7.070
 7.290
 7.370
 7.410
 7.370
 7.070
 6.560
 6.040
 5.510
 4.810
 4.020
 3.350
 2.790
 2.160
 1.570
 1.190
 0.810
 0.340
-0.060
-0.280
-0.520
-0.790
-1.010
-1.050
-1.170
-1.270
-1.370
-1.370
-1.450
-1.490
-1.570
-1.660
-1.680
-1.700
-1.880
-2.020
-1.920
-1.800
-1.820
-1.880
-1.860
-1.840
-1.900
-1.980
-1.980
-1.980
-2.020
-2.140
-2.160
-2.180
-2.320
-2.540
-2.690
-2.930
-3.230
-3.570
-3.840
-4.220
-4.640
-5.110
-5.510
-5.980
-6.400
-6.840
-7.230
-7.490
-7.590
-7.610
-7.510
-7.190
-6.600
-6.000
-5.470
-4.770
-3.980
-3.330
-2.790
-2.120
-1.510
-1.110

